00000000000000000000000000000000000000000000000000000000000000000000000000000000
00000000000000000000000000000000000000000000000000000000000000000000000000000000
00000000000000000000000000000000000000000000000000000000000000000000000000000000
00000000000000000000000000000000000000000000000000000000000000000000000000000000
00000000000000000110110110110110110000000000000000000000000000000000000000000000
00000000000000000110110110110110110000000000000000000000000000000000000000000000
00000000000000000000000000000000000000000000000000000000000000000000000000000000
00000000000000000110110110110110110000000000000000000000000000000000000000000000
00000000000000000110110110110110110000000000000000000000000000000000000000000000
00000000000000000000000000000000000000000000000000000000000000000000000000000000
00000000000000000110110110110110110000000000000000000000000000000000000000000000
00000000000000000110110110110110110000000000000000000000000000000000000000000000
00000000000000000000000000100000000000000000000000000000000000000000000000000000
00000000000000000110110110110110110000000000000000000000000000000000000000000000
00000000000000000110110110110110110000000000000000000000000000000000000000000000
00000000000000000000000000000000000000000000000000000000000000000000000000000000
00000000000000000110110110110110110000000000000000000000000000000000000000000000
00000000000000000110110110110110110000000000000000000000000000000000000000000000
00000000000000000000000000000000000000000000000000000000000000000000000000000000
00000000000000000110110110110110110000000000000000000000000000000000000000000000
00000000000000000110110110110110110000000000000000000000000000000000000000000000
00000000000000000000000000000000000000000000000000000000000000000000000000000000
00000000000000000000000000000000000000000000000000000000000000000000000000000000
00000000000000000000000000000000000000000000000000000000000000000000000000000000
00000000000000000000000000000000000000000000000000000000000000000000000000000000
