00000000000000000000000000000000000000000000000000000100000000000000000000000000
00000000000000000000000000000000000000000000000000000101000000000000000000000000
00000000000000000001000000000000000000000101000000000110000000000000000000000000
00000000000000000001010000000000000000000110000000000000000000000000000000000000
00000000000000000001100000010100000000000010000000000000000000000000000000000000
00000000000000000000000000011000000000000000000000000000000000000000000000000000
00000000000000000000000000001000000000000000000000000000000000000000000000000000
00000000000000000000000000000000000000000000000000000000000000000000000000000000
00000000000000000000000000000000000000000000000000000001110000000000000000000000
00000000000000000000000000000000000000000000000000000001000000000000000000000000
00000000000000000000011100000000000000000011000000000000100000000000000000000000
00000000000000000000010000000000000000000010100010000000000000000000000000000000
00000000000000000000001000001100000000000010000110000000000000000000000000000000
00000000000000000000000000001010001000000000000101000000000000000000000000000000
00000000000000000000000000001000011000011000000000000000000000000000000000000000
00000000000000000000000000000000010100010100000000000000000000000000000000000000
00000000000000000000000000000000000000010000000000000000000000000000000000000000
00000000000000000000000000000000000000000000000000000000001100000000000000000000
00000000000000000000000000000000000000000000000000000000001010000000000000000000
00000000000000000000000000000000000000000000000000000000001000000000000000000000
00000000000000000000000000000000000000000000000000000000000000000000000000000000
00000000000000000000000000000000000000000000000000000000000000000000000000000000
00000000000000000000000000000000000000000000000111000000000000000000000000000000
00000000000000000000000000000000000000000000000100000000000000000000000000000000
00000000000000000000000000000000000000000000000010000000000000000000000000000000