00000000000000000000001110000000000001000000000000000000000000000000000000000000
00000000000100000000000000000000000000000000000000000000000000000000000000000000
00111000000100000000110000000000000000000000000000000000000000000000000000000000
00000000011111000000010000000000000000000000000000000000000000000000000000000000
00000000000100000011100000000000000000000000000000000000000000000000000000000000
00000000000100000010000000000000000000000000000101000000000000000000000000000000
00000000000000000000000000000000000000000000001000000000000000000000000000000000
00000000111100000000000000000000000000000000000100100000000000000000000000000000
00000001000100000000000000000000000000000000000001110000000000000000000000000000
00000000000100000000000000000000000000000000000000000000000000000000000000000000
00011001001000000000000000000000000000000000000000000000000000000000000011000000
00011100000000000000000000000000000000000000000000000000000000000000000011000000
00011001001000000000000000000000000000000000000000000000000000000000000000000000
00000000000100000000000000000000000000000000000000000000000000000000000000000000
00000001000100000000000000000000000000000000000000000000000000000000000000000000
00000000111100000000000000000000000000000000000000000000000000000000000000000000
00000000000000000000000000000000000000000000000000000000000000000000000000000000
00000000000000000000000000000000000000000000000000000000000000000000000000000000
00000000110000000000000000000000000000000000000000000000000000000000000000000000
00000000110000000000000000000000000000000000000000000000000000000000000000000000
00000000000000000000000000000000000000000000000000000000000000000000000000000000
00000000110000000000000001110000000011100000001000000000000100000000000000000000
00000000110000000000000010000000000000000000011100000000000001000000000000000000
00000000000000000000000010000000000001000000010110000000001100111000000000000000
00000000000000000000000000000000000001000000000000000000000000000000000000000000